,DATE,ASK,BID
0,2018-05-16 17:35:57            ,1.08764,1.08756
1,2018-05-1617:31:21,1.08766,1.08747
2,2018-05-1617:31:20,1.08766,1.08747
3,2018-05-1617:31:19,1.08766,1.08747
4,2018-05-1617:31:19,1.08766,1.08747
5,2018-05-1617:31:18,1.08766,1.08747
6,2018-05-1617:31:17,1.08766,1.08747
7,2018-05-1617:31:17,1.08766,1.08747
8,2018-05-1617:31:16,1.08766,1.08747
9,2018-05-1617:31:15,1.08766,1.08747
10,2018-05-1617:31:15,1.08766,1.08747
11,2018-05-1617:31:14,1.08766,1.08747
12,2018-05-1617:31:13,1.08766,1.08747
13,2018-05-1617:31:13,1.08766,1.08747
14,2018-05-1617:31:12,1.08766,1.08747
15,2018-05-1617:31:11,1.08766,1.08747
16,2018-05-1617:31:11,1.08766,1.08747
17,2018-05-1617:31:10,1.08766,1.08747
18,2018-05-1617:31:09,1.08766,1.08747
19,2018-05-1617:31:09,1.08766,1.08747
20,2018-05-1617:31:08,1.08766,1.08747
21,2018-05-1617:31:07,1.08766,1.08747
22,2018-05-1617:31:07,1.08766,1.08747
23,2018-05-1617:31:06,1.08766,1.08747
24,2018-05-1617:31:05,1.08766,1.08747
25,2018-05-1617:31:05,1.08766,1.08747
26,2018-05-1617:31:04,1.08766,1.08747
27,2018-05-1617:31:03,1.08766,1.08747
28,2018-05-1617:31:03,1.08766,1.08747
29,2018-05-1617:31:02,1.08766,1.08747
30,2018-05-1617:31:01,1.08766,1.08747
31,2018-05-1617:31:01,1.08764,1.08745
32,2018-05-1617:31:00,1.08763,1.08744
33,2018-05-1617:30:59,1.08761,1.08742
34,2018-05-1617:30:59,1.08761,1.08742
35,2018-05-1617:30:58,1.08763,1.08744
36,2018-05-1617:30:57,1.08765,1.08745
37,2018-05-1617:30:57,1.08765,1.08744
38,2018-05-1617:30:56,1.08765,1.08745
39,2018-05-1617:30:55,1.08766,1.08744
40,2018-05-1617:30:55,1.08765,1.08745
41,2018-05-1617:30:54,1.08765,1.08744
42,2018-05-1617:30:53,1.08765,1.08744
43,2018-05-1617:30:53,1.08764,1.08744
44,2018-05-1617:30:52,1.08769,1.08749
45,2018-05-1617:30:51,1.08766,1.08746
46,2018-05-1617:30:51,1.08769,1.08747
47,2018-05-1617:30:50,1.08765,1.08747
48,2018-05-1617:30:49,1.0877,1.0875
49,2018-05-1617:30:49,1.08772,1.08753
50,2018-05-1617:30:48,1.08772,1.08753
51,2018-05-1617:30:47,1.08775,1.08754
52,2018-05-1617:30:47,1.08781,1.08763
53,2018-05-1617:30:46,1.08783,1.08763
54,2018-05-1617:30:45,1.08783,1.08761
55,2018-05-1617:30:45,1.08783,1.08764
56,2018-05-1617:30:44,1.08785,1.08767
57,2018-05-1617:30:43,1.08788,1.08769
58,2018-05-1617:30:43,1.08788,1.08768
59,2018-05-1617:30:42,1.08788,1.08768
60,2018-05-1617:30:41,1.08787,1.08768
61,2018-05-1617:30:41,1.08787,1.08771
62,2018-05-1617:30:40,1.08787,1.08769
63,2018-05-1617:30:39,1.08787,1.08769
64,2018-05-1617:30:39,1.0879,1.08769
65,2018-05-1617:30:38,1.08787,1.08767
66,2018-05-1617:30:37,1.08792,1.08771
67,2018-05-1617:30:37,1.08792,1.08771
68,2018-05-1617:30:36,1.08792,1.08771
69,2018-05-1617:30:35,1.08792,1.08771
70,2018-05-1617:30:35,1.08789,1.08773
71,2018-05-1617:30:34,1.0879,1.08771
72,2018-05-1617:30:33,1.08785,1.08771
73,2018-05-1617:30:33,1.08792,1.08771
74,2018-05-1617:30:32,1.08789,1.08769
75,2018-05-1617:30:31,1.08788,1.08768
76,2018-05-1617:30:30,1.08787,1.08768
77,2018-05-1617:30:30,1.08787,1.08768
78,2018-05-1617:30:29,1.08788,1.08769
79,2018-05-1617:30:28,1.08786,1.08767
80,2018-05-1617:30:28,1.08785,1.08764
81,2018-05-1617:30:27,1.08787,1.08764
82,2018-05-1617:30:26,1.08789,1.08767
83,2018-05-1617:30:25,1.08787,1.08768
84,2018-05-1617:30:24,1.08787,1.08766
85,2018-05-1617:30:23,1.08789,1.08766
86,2018-05-1617:30:23,1.08786,1.08766
87,2018-05-1617:30:22,1.08787,1.08769
88,2018-05-1617:30:21,1.08797,1.08776
89,2018-05-1617:30:21,1.08797,1.08776
90,2018-05-1617:30:20,1.08793,1.08776
91,2018-05-1617:30:20,1.08796,1.08775
92,2018-05-1617:30:18,1.08797,1.08776
93,2018-05-1617:30:18,1.08798,1.08778
94,2018-05-1617:30:17,1.08795,1.08772
95,2018-05-1617:30:16,1.08794,1.08772
96,2018-05-1617:30:16,1.08792,1.08771
97,2018-05-1617:30:15,1.08789,1.08771
98,2018-05-1617:30:14,1.08792,1.08771
99,2018-05-1617:30:14,1.08792,1.0877
100,2018-05-1617:30:13,1.08788,1.08767
101,2018-05-1617:30:12,1.08787,1.08762
102,2018-05-1617:30:12,1.08786,1.08766
103,2018-05-1617:30:11,1.08786,1.08766
104,2018-05-1617:30:10,1.08787,1.08766
105,2018-05-1617:30:10,1.08785,1.08763
106,2018-05-1617:30:09,1.08785,1.08764
107,2018-05-1617:30:08,1.08785,1.08762
108,2018-05-1617:30:07,1.0879,1.08769
109,2018-05-1617:30:07,1.08792,1.08768
110,2018-05-1617:30:06,1.08786,1.08764
111,2018-05-1617:30:05,1.08786,1.08764
112,2018-05-1617:30:05,1.08784,1.08763
113,2018-05-1617:30:04,1.08783,1.08763
114,2018-05-1617:30:03,1.08778,1.08758
115,2018-05-1617:30:03,1.08779,1.08759
116,2018-05-1617:30:02,1.08779,1.08759
117,2018-05-1617:30:02,1.08779,1.08759
118,2018-05-1617:30:01,1.0878,1.08759
119,2018-05-1617:30:00,1.08781,1.08759
120,2018-05-1617:30:00,1.08781,1.08759
121,2018-05-1617:29:58,1.0878,1.0876
122,2018-05-1617:29:58,1.0878,1.0876
123,2018-05-1617:29:57,1.08781,1.08759
124,2018-05-1617:29:57,1.08781,1.08759
125,2018-05-1617:29:56,1.0878,1.08759
126,2018-05-1617:29:55,1.0878,1.08759
127,2018-05-1617:29:55,1.0878,1.08759
128,2018-05-1617:29:54,1.0878,1.08759
129,2018-05-1617:29:53,1.0878,1.08759
130,2018-05-1617:29:52,1.0878,1.08759
131,2018-05-1617:29:52,1.0878,1.08759
132,2018-05-1617:29:51,1.08779,1.08759
133,2018-05-1617:29:50,1.0878,1.08758
134,2018-05-1617:29:50,1.0878,1.08758
135,2018-05-1617:29:49,1.0878,1.08757
136,2018-05-1617:29:48,1.0878,1.08757
137,2018-05-1617:29:48,1.0878,1.08758
138,2018-05-1617:29:47,1.08779,1.08758
139,2018-05-1617:29:47,1.0877,1.08746
140,2018-05-1617:29:46,1.0877,1.08747
141,2018-05-1617:29:45,1.0877,1.08749
142,2018-05-1617:29:45,1.0877,1.08749
143,2018-05-1617:29:44,1.08774,1.08751
144,2018-05-1617:29:43,1.08774,1.08753
145,2018-05-1617:29:43,1.08778,1.08754
146,2018-05-1617:29:42,1.08776,1.08755
147,2018-05-1617:29:41,1.08777,1.08755
148,2018-05-1617:29:41,1.08777,1.08756
149,2018-05-1617:29:40,1.08777,1.08756
150,2018-05-1617:29:40,1.08778,1.08756
151,2018-05-1617:29:39,1.08778,1.08756
152,2018-05-1617:29:38,1.08778,1.08756
153,2018-05-1617:29:38,1.08776,1.08756
154,2018-05-1617:29:34,1.08779,1.08756
155,2018-05-1617:29:31,1.08779,1.08756
156,2018-05-1617:29:30,1.08779,1.0876
157,2018-05-1617:29:30,1.08779,1.08756
158,2018-05-1617:29:29,1.08777,1.08755
159,2018-05-1617:29:29,1.08777,1.08756
160,2018-05-1617:29:28,1.08771,1.08751
161,2018-05-1617:29:27,1.0877,1.0875
162,2018-05-1617:29:26,1.0877,1.08749
163,2018-05-1617:29:26,1.0877,1.08749
164,2018-05-1617:29:25,1.08769,1.08747
165,2018-05-1617:29:24,1.0877,1.0875
166,2018-05-1617:29:24,1.0877,1.0875
167,2018-05-1617:29:23,1.08769,1.08747
168,2018-05-1617:29:22,1.08764,1.08743
169,2018-05-1617:29:22,1.08767,1.08747
170,2018-05-1617:29:21,1.08767,1.08747
171,2018-05-1617:29:21,1.08764,1.08744
172,2018-05-1617:29:20,1.08764,1.08744
173,2018-05-1617:29:19,1.08764,1.08745
174,2018-05-1617:29:19,1.08764,1.08743
175,2018-05-1617:29:18,1.08764,1.08743
176,2018-05-1617:29:17,1.08764,1.08743
177,2018-05-1617:29:17,1.08764,1.08743
178,2018-05-1617:29:16,1.08764,1.08743
179,2018-05-1617:29:16,1.08764,1.08743
180,2018-05-1617:29:15,1.08762,1.08741
181,2018-05-1617:29:14,1.08762,1.08742
182,2018-05-1617:29:14,1.08758,1.08742
183,2018-05-1617:29:13,1.08761,1.08741
184,2018-05-1617:29:13,1.08761,1.0874
185,2018-05-1617:29:12,1.08762,1.08741
186,2018-05-1617:29:11,1.08757,1.08736
187,2018-05-1617:29:11,1.08757,1.08737
188,2018-05-1617:29:10,1.08757,1.0874
189,2018-05-1617:29:09,1.08757,1.08736
190,2018-05-1617:29:09,1.08758,1.08736
191,2018-05-1617:29:08,1.08758,1.08736
192,2018-05-1617:29:08,1.08757,1.08736
193,2018-05-1617:29:07,1.08757,1.08735
194,2018-05-1617:29:06,1.08757,1.08734
195,2018-05-1617:29:06,1.08763,1.08745
196,2018-05-1617:29:05,1.08766,1.08744
197,2018-05-1617:29:05,1.08766,1.08743
198,2018-05-1617:29:04,1.08766,1.08743
199,2018-05-1617:29:03,1.08766,1.08744
200,2018-05-1617:29:03,1.08766,1.08744
201,2018-05-1617:29:02,1.08766,1.08744
202,2018-05-1617:29:02,1.08764,1.08745
203,2018-05-1617:29:01,1.08764,1.08744
204,2018-05-1617:29:00,1.08759,1.08738
205,2018-05-1617:29:00,1.08759,1.08737
206,2018-05-1617:28:59,1.08759,1.08737
207,2018-05-1617:28:58,1.08759,1.08737
208,2018-05-1617:28:58,1.08759,1.08737
209,2018-05-1617:28:57,1.08758,1.08737
210,2018-05-1617:28:56,1.08757,1.08736
211,2018-05-1617:28:55,1.08757,1.08735
212,2018-05-1617:28:55,1.08755,1.08734
213,2018-05-1617:28:54,1.08755,1.08734
214,2018-05-1617:28:54,1.08757,1.08734
215,2018-05-1617:28:53,1.08755,1.08734
216,2018-05-1617:28:52,1.08754,1.08734
217,2018-05-1617:28:52,1.08754,1.08733
218,2018-05-1617:28:51,1.08754,1.08732
219,2018-05-1617:28:51,1.08752,1.08734
220,2018-05-1617:28:50,1.08753,1.08732
221,2018-05-1617:28:49,1.08753,1.08732
222,2018-05-1617:28:49,1.08753,1.08732
223,2018-05-1617:28:48,1.08753,1.08732
224,2018-05-1617:28:48,1.08753,1.08732
225,2018-05-1617:28:47,1.08752,1.08732
226,2018-05-1617:28:46,1.08752,1.08732
227,2018-05-1617:28:46,1.08753,1.08732
228,2018-05-1617:28:45,1.08753,1.08732
229,2018-05-1617:28:45,1.08753,1.08732
230,2018-05-1617:28:44,1.08753,1.08732
231,2018-05-1617:28:43,1.0875,1.08734
232,2018-05-1617:28:43,1.08752,1.08734
233,2018-05-1617:28:42,1.08762,1.0874
234,2018-05-1617:28:41,1.0876,1.0874
235,2018-05-1617:28:41,1.08759,1.0874
236,2018-05-1617:28:40,1.08758,1.08736
237,2018-05-1617:28:40,1.08752,1.08729
238,2018-05-1617:28:39,1.08753,1.08729
239,2018-05-1617:28:38,1.08753,1.08732
240,2018-05-1617:28:38,1.08753,1.08732
241,2018-05-1617:28:37,1.08754,1.08733
242,2018-05-1617:28:37,1.08753,1.08733
243,2018-05-1617:28:36,1.08753,1.08733
244,2018-05-1617:28:35,1.08753,1.08733
245,2018-05-1617:28:35,1.08753,1.08734
246,2018-05-1617:28:34,1.08753,1.08731
247,2018-05-1617:28:34,1.08752,1.08731
248,2018-05-1617:28:33,1.08753,1.08732
249,2018-05-1617:28:32,1.08754,1.08732
250,2018-05-1617:28:32,1.08753,1.08732
251,2018-05-1617:28:31,1.08752,1.08732
252,2018-05-1617:28:31,1.08752,1.08732
253,2018-05-1617:28:30,1.08754,1.0874
254,2018-05-1617:28:29,1.08754,1.08735
255,2018-05-1617:28:29,1.08753,1.08735
256,2018-05-1617:28:28,1.08752,1.08732
257,2018-05-1617:28:28,1.08752,1.08732
258,2018-05-1617:28:27,1.08752,1.08732
259,2018-05-1617:28:26,1.08752,1.08732
260,2018-05-1617:28:26,1.08753,1.08731
261,2018-05-1617:28:25,1.08752,1.08731
262,2018-05-1617:28:25,1.08752,1.08731
263,2018-05-1617:28:24,1.08752,1.08731
264,2018-05-1617:28:23,1.08751,1.08731
265,2018-05-1617:28:22,1.08751,1.08731
266,2018-05-1617:28:22,1.08751,1.08731
267,2018-05-1617:28:21,1.08751,1.08731
268,2018-05-1617:28:21,1.08751,1.08731
269,2018-05-1617:28:20,1.08751,1.08731
270,2018-05-1617:28:19,1.08751,1.08731
271,2018-05-1617:28:19,1.08751,1.08731
272,2018-05-1617:28:18,1.08751,1.08731
273,2018-05-1617:28:18,1.08751,1.08731
274,2018-05-1617:28:17,1.08751,1.08731
275,2018-05-1617:28:16,1.08751,1.08731
276,2018-05-1617:28:16,1.08751,1.08731
277,2018-05-1617:28:15,1.08751,1.08731
278,2018-05-1617:28:15,1.08751,1.08731
279,2018-05-1617:28:14,1.08752,1.08731
280,2018-05-1617:28:13,1.08751,1.08731
281,2018-05-1617:28:13,1.08751,1.08731
282,2018-05-1617:28:12,1.08751,1.08731
283,2018-05-1617:28:12,1.08751,1.08731
284,2018-05-1617:28:11,1.08752,1.08731
285,2018-05-1617:28:10,1.0875,1.08733
286,2018-05-1617:28:10,1.0875,1.08729
287,2018-05-1617:28:09,1.0875,1.08729
288,2018-05-1617:28:09,1.08751,1.08729
289,2018-05-1617:28:08,1.08752,1.08732
290,2018-05-1617:28:07,1.08752,1.08735
291,2018-05-1617:28:07,1.0875,1.08731
292,2018-05-1617:28:06,1.08751,1.08729
293,2018-05-1617:28:06,1.08751,1.08729
294,2018-05-1617:28:05,1.0875,1.08731
295,2018-05-1617:28:04,1.08751,1.08729
296,2018-05-1617:28:03,1.08752,1.08733
297,2018-05-1617:28:03,1.08759,1.08737
298,2018-05-1617:28:02,1.08758,1.08737
299,2018-05-1617:28:02,1.08755,1.08736
300,2018-05-1617:28:01,1.08761,1.08741
301,2018-05-1617:28:00,1.08761,1.0874
302,2018-05-1617:28:00,1.08761,1.0874
303,2018-05-1617:27:59,1.08759,1.08738
304,2018-05-1617:27:59,1.08759,1.08738
305,2018-05-1617:27:58,1.08758,1.08736
306,2018-05-1617:27:57,1.08755,1.08733
307,2018-05-1617:27:56,1.08751,1.08731
308,2018-05-1617:27:56,1.08751,1.08734
309,2018-05-1617:27:55,1.08746,1.08731
310,2018-05-1617:27:55,1.08753,1.08729
311,2018-05-1617:27:54,1.08753,1.08729
312,2018-05-1617:27:53,1.08753,1.08732
313,2018-05-1617:27:53,1.08752,1.08729
314,2018-05-1617:27:52,1.08753,1.08731
315,2018-05-1617:27:52,1.08754,1.08732
316,2018-05-1617:27:51,1.08753,1.08732
317,2018-05-1617:27:51,1.08754,1.08734
318,2018-05-1617:27:50,1.08754,1.08734
319,2018-05-1617:27:49,1.08754,1.08734
320,2018-05-1617:27:49,1.08754,1.08732
321,2018-05-1617:27:48,1.08754,1.08732
322,2018-05-1617:27:48,1.08754,1.08732
323,2018-05-1617:27:47,1.08754,1.08732
324,2018-05-1617:27:46,1.08754,1.08732
325,2018-05-1617:27:46,1.08754,1.08734
326,2018-05-1617:27:45,1.08755,1.08734
327,2018-05-1617:27:45,1.08752,1.08737
328,2018-05-1617:27:44,1.08763,1.08745
329,2018-05-1617:27:43,1.08765,1.08746
330,2018-05-1617:27:43,1.08767,1.08747
331,2018-05-1617:27:42,1.08767,1.08747
332,2018-05-1617:27:42,1.08767,1.08747
333,2018-05-1617:27:41,1.08765,1.08747
334,2018-05-1617:27:41,1.08767,1.08749
335,2018-05-1617:27:40,1.08768,1.08749
336,2018-05-1617:27:39,1.08768,1.08749
337,2018-05-1617:27:39,1.08768,1.08749
338,2018-05-1617:27:38,1.08768,1.08749
339,2018-05-1617:27:38,1.08768,1.08749
340,2018-05-1617:27:37,1.08767,1.08745
341,2018-05-1617:27:37,1.08768,1.08745
342,2018-05-1617:27:36,1.08768,1.0875
343,2018-05-1617:27:35,1.08771,1.0875
344,2018-05-1617:27:35,1.08771,1.0875
345,2018-05-1617:27:34,1.08775,1.08752
346,2018-05-1617:27:34,1.08769,1.0875
347,2018-05-1617:27:33,1.08769,1.0875
348,2018-05-1617:27:32,1.0877,1.0875
349,2018-05-1617:27:32,1.0877,1.0875
350,2018-05-1617:27:31,1.08769,1.0875
351,2018-05-1617:27:31,1.0877,1.0875
352,2018-05-1617:27:30,1.0877,1.0875
353,2018-05-1617:27:30,1.0877,1.08751
354,2018-05-1617:27:29,1.08769,1.08752
355,2018-05-1617:27:28,1.08771,1.0875
356,2018-05-1617:27:28,1.08771,1.0875
357,2018-05-1617:27:27,1.0877,1.0875
358,2018-05-1617:27:27,1.08768,1.08752
359,2018-05-1617:27:26,1.0877,1.08752
360,2018-05-1617:27:26,1.0877,1.08751
361,2018-05-1617:27:25,1.0877,1.0875
362,2018-05-1617:27:24,1.0877,1.0875
363,2018-05-1617:27:24,1.0877,1.08751
364,2018-05-1617:27:23,1.0877,1.08751
365,2018-05-1617:27:23,1.0877,1.0875
366,2018-05-1617:27:22,1.0877,1.0875
367,2018-05-1617:27:21,1.0877,1.0875
368,2018-05-1617:27:20,1.0877,1.0875
369,2018-05-1617:27:20,1.0877,1.0875
370,2018-05-1617:27:19,1.0877,1.08751
371,2018-05-1617:27:18,1.0877,1.08751
372,2018-05-1617:27:18,1.0877,1.08752
373,2018-05-1617:27:17,1.0877,1.08752
374,2018-05-1617:27:16,1.0877,1.08751
375,2018-05-1617:27:16,1.0877,1.0875
376,2018-05-1617:27:15,1.08769,1.0875
377,2018-05-1617:27:15,1.0877,1.0875
378,2018-05-1617:27:14,1.08771,1.0875
379,2018-05-1617:27:14,1.08769,1.0875
380,2018-05-1617:27:13,1.08769,1.08751
381,2018-05-1617:27:12,1.08769,1.08751
382,2018-05-1617:27:12,1.0877,1.08751
383,2018-05-1617:27:11,1.08769,1.08751
384,2018-05-1617:27:11,1.08769,1.08751
385,2018-05-1617:27:10,1.08769,1.08751
386,2018-05-1617:27:10,1.08766,1.08751
387,2018-05-1617:27:09,1.0877,1.08751
388,2018-05-1617:27:08,1.08769,1.0875
389,2018-05-1617:27:07,1.08769,1.0875
390,2018-05-1617:27:07,1.08769,1.0875
391,2018-05-1617:27:06,1.08769,1.0875
392,2018-05-1617:27:06,1.08771,1.08751
393,2018-05-1617:27:05,1.08771,1.0875
394,2018-05-1617:27:04,1.08771,1.08751
395,2018-05-1617:27:04,1.08772,1.0875
396,2018-05-1617:27:03,1.08769,1.0875
397,2018-05-1617:27:03,1.08768,1.08749
398,2018-05-1617:27:02,1.08768,1.08747
399,2018-05-1617:27:02,1.08768,1.08747
400,2018-05-1617:27:01,1.0877,1.0875
401,2018-05-1617:26:59,1.08766,1.08746
402,2018-05-1617:26:59,1.08763,1.08744
403,2018-05-1617:26:58,1.08768,1.08746
404,2018-05-1617:26:57,1.08767,1.08747
405,2018-05-1617:26:56,1.08769,1.0875
406,2018-05-1617:26:55,1.08769,1.08749
407,2018-05-1617:26:55,1.08769,1.08749
408,2018-05-1617:26:54,1.08768,1.0875
409,2018-05-1617:26:54,1.08769,1.0875
410,2018-05-1617:26:53,1.08764,1.08744
411,2018-05-1617:26:53,1.08761,1.08743
412,2018-05-1617:26:52,1.08762,1.08741
413,2018-05-1617:26:51,1.08762,1.08741
414,2018-05-1617:26:51,1.08763,1.08744
415,2018-05-1617:26:50,1.08758,1.08738
416,2018-05-1617:26:50,1.08758,1.08736
417,2018-05-1617:26:49,1.08758,1.08736
418,2018-05-1617:26:49,1.08757,1.08738
419,2018-05-1617:26:48,1.08758,1.08738
420,2018-05-1617:26:47,1.08758,1.08738
421,2018-05-1617:26:47,1.08758,1.08736
422,2018-05-1617:26:46,1.08758,1.08736
423,2018-05-1617:26:46,1.08758,1.08736
424,2018-05-1617:26:45,1.08758,1.08738
425,2018-05-1617:26:45,1.08757,1.08737
426,2018-05-1617:26:44,1.08758,1.08737
427,2018-05-1617:26:43,1.08755,1.08733
428,2018-05-1617:26:43,1.08755,1.08732
429,2018-05-1617:26:42,1.08755,1.08733
430,2018-05-1617:26:42,1.08755,1.08735
431,2018-05-1617:26:41,1.08755,1.08735
432,2018-05-1617:26:41,1.08755,1.08737
433,2018-05-1617:26:40,1.08754,1.08735
434,2018-05-1617:26:39,1.08754,1.08735
435,2018-05-1617:26:39,1.08757,1.08735
436,2018-05-1617:26:38,1.08757,1.08735
437,2018-05-1617:26:38,1.08757,1.08735
438,2018-05-1617:26:37,1.08755,1.08735
439,2018-05-1617:26:37,1.08757,1.08735
440,2018-05-1617:26:36,1.08752,1.08736
441,2018-05-1617:26:36,1.08754,1.08734
442,2018-05-1617:26:35,1.08754,1.08734
443,2018-05-1617:26:34,1.08754,1.08734
444,2018-05-1617:26:34,1.08754,1.08735
445,2018-05-1617:26:33,1.08754,1.08735
446,2018-05-1617:26:33,1.08755,1.08733
447,2018-05-1617:26:32,1.08755,1.08733
448,2018-05-1617:26:32,1.08752,1.08737
449,2018-05-1617:26:31,1.08754,1.08734
450,2018-05-1617:26:30,1.08755,1.08734
451,2018-05-1617:26:30,1.08755,1.08735
452,2018-05-1617:26:29,1.08755,1.08734
453,2018-05-1617:26:29,1.08749,1.08733
454,2018-05-1617:26:28,1.08753,1.08734
455,2018-05-1617:26:28,1.08753,1.08734
456,2018-05-1617:26:27,1.08753,1.08734
457,2018-05-1617:26:27,1.08753,1.08734
458,2018-05-1617:26:26,1.08753,1.08734
459,2018-05-1617:26:25,1.08753,1.08734
460,2018-05-1617:26:25,1.08753,1.08734
461,2018-05-1617:26:24,1.08753,1.08734
462,2018-05-1617:26:24,1.08753,1.08734
463,2018-05-1617:26:23,1.08753,1.08734
464,2018-05-1617:26:23,1.08751,1.08733
465,2018-05-1617:26:22,1.08752,1.08733
466,2018-05-1617:26:21,1.0875,1.08733
467,2018-05-1617:26:20,1.08752,1.08733
468,2018-05-1617:26:20,1.0875,1.08731
469,2018-05-1617:26:19,1.08751,1.08728
470,2018-05-1617:26:19,1.0875,1.08729
471,2018-05-1617:26:18,1.08749,1.08731
472,2018-05-1617:26:18,1.08752,1.08733
473,2018-05-1617:26:17,1.08752,1.08732
474,2018-05-1617:26:17,1.08752,1.08732
475,2018-05-1617:26:16,1.08752,1.08732
476,2018-05-1617:26:16,1.08751,1.08732
477,2018-05-1617:26:14,1.08752,1.08731
478,2018-05-1617:26:13,1.08752,1.08731
479,2018-05-1617:26:13,1.08752,1.08733
480,2018-05-1617:26:12,1.08752,1.08731
481,2018-05-1617:26:11,1.08752,1.08731
482,2018-05-1617:26:11,1.08752,1.08731
483,2018-05-1617:26:10,1.08751,1.08731
484,2018-05-1617:26:10,1.08752,1.08731
485,2018-05-1617:26:09,1.08752,1.08731
486,2018-05-1617:26:08,1.08752,1.08731
487,2018-05-1617:26:08,1.08752,1.08731
488,2018-05-1617:26:07,1.08752,1.08731
489,2018-05-1617:26:07,1.08751,1.08732
490,2018-05-1617:26:06,1.08751,1.08732
491,2018-05-1617:26:06,1.08752,1.08732
492,2018-05-1617:26:05,1.08752,1.08732
493,2018-05-1617:26:05,1.08752,1.08732
494,2018-05-1617:26:04,1.08752,1.08732
495,2018-05-1617:26:04,1.08752,1.08732
496,2018-05-1617:26:03,1.08752,1.08731
497,2018-05-1617:26:02,1.08753,1.08732
498,2018-05-1617:26:02,1.08753,1.08732
499,2018-05-1617:26:01,1.08753,1.08732
500,2018-05-1617:26:01,1.08752,1.08732
501,2018-05-1617:26:00,1.08753,1.08732
502,2018-05-1617:26:00,1.08752,1.08731
503,2018-05-1617:25:59,1.08752,1.08731
504,2018-05-1617:25:59,1.08752,1.08733
505,2018-05-1617:25:58,1.08753,1.08734
506,2018-05-1617:25:57,1.08753,1.08734
507,2018-05-1617:25:57,1.08755,1.08735
508,2018-05-1617:25:56,1.08753,1.08737
509,2018-05-1617:25:55,1.08755,1.08735
510,2018-05-1617:25:55,1.08755,1.08735
511,2018-05-1617:25:54,1.08755,1.08735
512,2018-05-1617:25:54,1.08755,1.08735
513,2018-05-1617:25:53,1.08755,1.08735
514,2018-05-1617:25:53,1.08755,1.08735
515,2018-05-1617:25:52,1.08755,1.08735
516,2018-05-1617:25:51,1.08755,1.08735
517,2018-05-1617:25:51,1.08755,1.08735
518,2018-05-1617:25:50,1.08755,1.08735
519,2018-05-1617:25:50,1.08755,1.08735
520,2018-05-1617:25:49,1.08757,1.08736
521,2018-05-1617:25:49,1.08757,1.08736
522,2018-05-1617:25:48,1.08757,1.08736
523,2018-05-1617:25:48,1.08757,1.08737
524,2018-05-1617:25:47,1.08757,1.08738
525,2018-05-1617:25:46,1.08757,1.08737
526,2018-05-1617:25:46,1.08757,1.08737
527,2018-05-1617:25:45,1.08757,1.08737
528,2018-05-1617:25:45,1.08757,1.08742
529,2018-05-1617:25:44,1.08757,1.08737
530,2018-05-1617:25:44,1.08757,1.08737
531,2018-05-1617:25:43,1.08757,1.08737
532,2018-05-1617:25:43,1.08757,1.08737
533,2018-05-1617:25:42,1.08757,1.08737
534,2018-05-1617:25:41,1.08757,1.08736
535,2018-05-1617:25:41,1.08757,1.08736
536,2018-05-1617:25:40,1.08757,1.08736
537,2018-05-1617:25:40,1.08755,1.08736
538,2018-05-1617:25:39,1.08757,1.08736
539,2018-05-1617:25:39,1.08755,1.08735
540,2018-05-1617:25:38,1.08755,1.08735
541,2018-05-1617:25:38,1.08755,1.08735
542,2018-05-1617:25:37,1.08755,1.08735
543,2018-05-1617:25:36,1.08754,1.08736
544,2018-05-1617:25:36,1.08754,1.08736
545,2018-05-1617:25:35,1.08754,1.08736
546,2018-05-1617:25:34,1.08754,1.08736
547,2018-05-1617:25:34,1.08754,1.08736
548,2018-05-1617:25:33,1.08754,1.08736
549,2018-05-1617:25:32,1.08754,1.08736
550,2018-05-1617:25:32,1.08753,1.08736
551,2018-05-1617:25:31,1.08754,1.08736
552,2018-05-1617:25:31,1.08754,1.08736
553,2018-05-1617:25:30,1.08754,1.08736
554,2018-05-1617:25:30,1.08754,1.08736
555,2018-05-1617:25:29,1.08754,1.08736
556,2018-05-1617:25:28,1.08754,1.08738
557,2018-05-1617:25:28,1.08754,1.08736
558,2018-05-1617:25:27,1.08754,1.08736
559,2018-05-1617:25:27,1.08754,1.08736
560,2018-05-1617:25:26,1.08754,1.08736
561,2018-05-1617:25:26,1.08754,1.08736
562,2018-05-1617:25:25,1.08755,1.08736
563,2018-05-1617:25:25,1.08755,1.08736
564,2018-05-1617:25:24,1.08755,1.08736
565,2018-05-1617:25:23,1.08757,1.08737
566,2018-05-1617:25:23,1.08757,1.08737
567,2018-05-1617:25:22,1.08757,1.08737
568,2018-05-1617:25:22,1.08757,1.08737
569,2018-05-1617:25:21,1.08757,1.08736
570,2018-05-1617:25:20,1.08757,1.08736
571,2018-05-1617:25:20,1.08757,1.08735
572,2018-05-1617:25:19,1.08757,1.08735
573,2018-05-1617:25:19,1.08757,1.08735
574,2018-05-1617:25:18,1.08757,1.08735
575,2018-05-1617:25:18,1.08757,1.08735
576,2018-05-1617:25:17,1.08757,1.08735
577,2018-05-1617:25:17,1.08757,1.08735
578,2018-05-1617:25:16,1.08757,1.08735
579,2018-05-1617:25:16,1.08757,1.08735
580,2018-05-1617:25:15,1.08754,1.08735
581,2018-05-1617:25:15,1.08757,1.08735
582,2018-05-1617:25:14,1.08757,1.08734
583,2018-05-1617:25:14,1.08757,1.08734
584,2018-05-1617:25:13,1.08757,1.08734
585,2018-05-1617:25:12,1.08755,1.08736
586,2018-05-1617:25:12,1.08755,1.08735
587,2018-05-1617:25:11,1.08757,1.08735
588,2018-05-1617:25:11,1.08757,1.08737
589,2018-05-1617:25:10,1.08757,1.08737
590,2018-05-1617:25:10,1.08754,1.08735
591,2018-05-1617:25:09,1.08753,1.08734
592,2018-05-1617:25:08,1.08755,1.08735
593,2018-05-1617:25:08,1.08762,1.08742
594,2018-05-1617:25:07,1.0876,1.08742
595,2018-05-1617:25:07,1.08761,1.08742
596,2018-05-1617:25:06,1.08761,1.08742
597,2018-05-1617:25:05,1.08761,1.08742
598,2018-05-1617:25:05,1.08761,1.08742
599,2018-05-1617:25:04,1.08761,1.08742
600,2018-05-1617:25:04,1.08761,1.08742
601,2018-05-1617:25:03,1.08761,1.08742
602,2018-05-1617:25:02,1.08761,1.08742
603,2018-05-1617:25:02,1.08761,1.08742
604,2018-05-1617:25:01,1.0876,1.08742
605,2018-05-1617:25:01,1.0876,1.08742
606,2018-05-1617:25:00,1.0876,1.08742
607,2018-05-1617:25:00,1.0876,1.08742
608,2018-05-1617:24:59,1.0876,1.08742
609,2018-05-1617:24:59,1.0876,1.08742
610,2018-05-1617:24:58,1.08761,1.08742
611,2018-05-1617:24:58,1.08761,1.08742
612,2018-05-1617:24:57,1.08761,1.08742
613,2018-05-1617:24:56,1.08761,1.08742
614,2018-05-1617:24:56,1.08761,1.08742
615,2018-05-1617:24:55,1.08761,1.08742
616,2018-05-1617:24:55,1.08761,1.08742
617,2018-05-1617:24:54,1.08761,1.08742
618,2018-05-1617:24:54,1.08761,1.08742
619,2018-05-1617:24:53,1.08761,1.08742
620,2018-05-1617:24:53,1.08761,1.08742
621,2018-05-1617:24:52,1.08761,1.08742
622,2018-05-1617:24:52,1.08761,1.08742
623,2018-05-1617:24:51,1.08761,1.08742
624,2018-05-1617:24:51,1.08761,1.08741
625,2018-05-1617:24:50,1.08762,1.08741
626,2018-05-1617:24:50,1.08761,1.0874
627,2018-05-1617:24:49,1.0876,1.0874
628,2018-05-1617:24:49,1.08762,1.0874
629,2018-05-1617:24:48,1.08762,1.08741
630,2018-05-1617:24:47,1.08762,1.0874
631,2018-05-1617:24:46,1.08762,1.0874
632,2018-05-1617:24:46,1.08762,1.0874
633,2018-05-1617:24:45,1.08762,1.08741
634,2018-05-1617:24:45,1.08761,1.0874
635,2018-05-1617:24:44,1.08761,1.08741
636,2018-05-1617:24:44,1.0876,1.08742
637,2018-05-1617:24:43,1.08757,1.08737
638,2018-05-1617:24:43,1.08757,1.08737
639,2018-05-1617:24:42,1.08757,1.08737
640,2018-05-1617:24:42,1.08757,1.08737
641,2018-05-1617:24:41,1.08757,1.08737
642,2018-05-1617:24:40,1.08757,1.08737
643,2018-05-1617:24:40,1.08757,1.08737
644,2018-05-1617:24:39,1.08757,1.08737
645,2018-05-1617:24:39,1.08758,1.08736
646,2018-05-1617:24:38,1.08755,1.08735
647,2018-05-1617:24:38,1.08755,1.08735
648,2018-05-1617:24:37,1.08757,1.08735
649,2018-05-1617:24:37,1.08758,1.08736
650,2018-05-1617:24:36,1.08759,1.08738
651,2018-05-1617:24:36,1.08758,1.08736
652,2018-05-1617:24:35,1.08758,1.08735
653,2018-05-1617:24:35,1.08758,1.08735
654,2018-05-1617:24:34,1.0876,1.08736
655,2018-05-1617:24:34,1.08758,1.08737
656,2018-05-1617:24:33,1.08761,1.08738
657,2018-05-1617:24:32,1.0876,1.0874
658,2018-05-1617:24:32,1.0876,1.08738
659,2018-05-1617:24:31,1.08755,1.08736
660,2018-05-1617:24:31,1.08757,1.08738
661,2018-05-1617:24:30,1.08754,1.08733
662,2018-05-1617:24:30,1.08755,1.08733
663,2018-05-1617:24:29,1.08754,1.08734
664,2018-05-1617:24:29,1.08754,1.08734
665,2018-05-1617:24:28,1.08754,1.08734
